
Round: 0
00000000
00000000
00000000
00000000
00000000
00000000
00000000
00000000

Valid moves for 1:
3, 3
3, 4
4, 3
4, 4

Player 1: 4, 4

After move by Player 1
00000000
00000000
00000000
00001000
00000000
00000000
00000000
00000000


Round: 1
00000000
00000000
00000000
00001000
00000000
00000000
00000000
00000000

Valid moves for 2:
3, 3
3, 4
4, 3

Player 2: 3, 3

After move by Player 2
00000000
00000000
00000000
00001000
00020000
00000000
00000000
00000000


Round: 2
00000000
00000000
00000000
00001000
00020000
00000000
00000000
00000000

Valid moves for 1:
3, 4
4, 3

Player 1: 4, 3

After move by Player 1
00000000
00000000
00000000
00011000
00020000
00000000
00000000
00000000


Round: 3
00000000
00000000
00000000
00011000
00020000
00000000
00000000
00000000

Valid moves for 2:
3, 4

Player 2: 3, 4

After move by Player 2
00000000
00000000
00000000
00011000
00022000
00000000
00000000
00000000


Round: 4
00000000
00000000
00000000
00011000
00022000
00000000
00000000
00000000

Valid moves for 1:
2, 2
2, 3
2, 4
2, 5

Player 1: 2, 3

After move by Player 1
00000000
00000000
00000000
00011000
00012000
00010000
00000000
00000000


Round: 5
00000000
00000000
00000000
00011000
00012000
00010000
00000000
00000000

Valid moves for 2:
1, 2
3, 2
5, 2
5, 4

Player 2: 5, 2

After move by Player 2
00000000
00000000
00200000
00021000
00012000
00010000
00000000
00000000


Round: 6
00000000
00000000
00200000
00021000
00012000
00010000
00000000
00000000

Valid moves for 1:
2, 4
3, 5
4, 2
4, 5
5, 3

Player 1: 4, 5

After move by Player 1
00000000
00000000
00200000
00021100
00011000
00010000
00000000
00000000


Round: 7
00000000
00000000
00200000
00021100
00011000
00010000
00000000
00000000

Valid moves for 2:
1, 3
2, 5
4, 6

Player 2: 2, 5

After move by Player 2
00000000
00000000
00200000
00021100
00012000
00010200
00000000
00000000


Round: 8
00000000
00000000
00200000
00021100
00012000
00010200
00000000
00000000

Valid moves for 1:
2, 4
3, 5
4, 2
5, 3

Player 1: 5, 3

After move by Player 1
00000000
00000000
00210000
00011100
00012000
00010200
00000000
00000000


Round: 9
00000000
00000000
00210000
00011100
00012000
00010200
00000000
00000000

Valid moves for 2:
1, 2
3, 2
5, 4
5, 6

Player 2: 3, 2

After move by Player 2
00000000
00000000
00210000
00011100
00222000
00010200
00000000
00000000


Round: 10
00000000
00000000
00210000
00011100
00222000
00010200
00000000
00000000

Valid moves for 1:
1, 6
2, 1
2, 2
2, 4
4, 1
5, 1
6, 1

Player 1: 5, 1

After move by Player 1
00000000
00000000
01110000
00011100
00222000
00010200
00000000
00000000


Round: 11
00000000
00000000
01110000
00011100
00222000
00010200
00000000
00000000

Valid moves for 2:
1, 2
1, 3
1, 4
5, 4
5, 5
5, 6
6, 1
6, 3

Player 2: 6, 1

After move by Player 2
00000000
02000000
01210000
00021100
00222000
00010200
00000000
00000000


Round: 12
00000000
02000000
01210000
00021100
00222000
00010200
00000000
00000000

Valid moves for 1:
2, 2
2, 4
4, 1
4, 2
7, 1

Player 1: 7, 1

After move by Player 1
01000000
01000000
01210000
00021100
00222000
00010200
00000000
00000000


Round: 13
01000000
01000000
01210000
00021100
00222000
00010200
00000000
00000000

Valid moves for 2:
1, 2
1, 3
1, 4
4, 6
5, 0
5, 4
5, 5
5, 6
6, 3
7, 0

Player 2: 7, 0

After move by Player 2
21000000
02000000
01210000
00021100
00222000
00010200
00000000
00000000


Round: 14
21000000
02000000
01210000
00021100
00222000
00010200
00000000
00000000

Valid moves for 1:
2, 2
2, 4
4, 1
4, 2

Player 1: 4, 1

After move by Player 1
21000000
02000000
01210000
01021100
00122000
00010200
00000000
00000000


Round: 15
21000000
02000000
01210000
01021100
00122000
00010200
00000000
00000000

Valid moves for 2:
1, 2
1, 3
2, 1
3, 0
3, 1
4, 6
5, 0
5, 4
5, 5
5, 6
6, 3
7, 2

Player 2: 7, 2

After move by Player 2
22200000
02000000
01210000
01021100
00122000
00010200
00000000
00000000


Round: 16
22200000
02000000
01210000
01021100
00122000
00010200
00000000
00000000

Valid moves for 1:
2, 2
2, 4
3, 5
4, 2
5, 4
6, 3

Player 1: 5, 4

After move by Player 1
22200000
02000000
01211000
01011100
00122000
00010200
00000000
00000000


Round: 17
22200000
02000000
01211000
01011100
00122000
00010200
00000000
00000000

Valid moves for 2:
1, 2
1, 3
3, 0
3, 1
5, 0
5, 5
5, 6
6, 3
6, 4

Player 2: 1, 3

After move by Player 2
22200000
02000000
01211000
01011100
00122000
00020200
00020000
00000000


Round: 18
22200000
02000000
01211000
01011100
00122000
00020200
00020000
00000000

Valid moves for 1:
0, 3
1, 2
1, 4
1, 6
2, 2
2, 4
3, 5
6, 3

Player 1: 3, 5

After move by Player 1
22200000
02000000
01211000
01011100
00111100
00020200
00020000
00000000


Round: 19
22200000
02000000
01211000
01011100
00111100
00020200
00020000
00000000

Valid moves for 2:
3, 0
3, 1
5, 0
5, 5
5, 6
6, 3

Player 2: 6, 3

After move by Player 2
22200000
02020000
01221000
01021100
00121100
00020200
00020000
00000000


Round: 20
22200000
02020000
01221000
01021100
00121100
00020200
00020000
00000000

Valid moves for 1:
1, 2
1, 4
1, 5
1, 6
2, 2
4, 2
6, 2
7, 4

Player 1: 7, 4

After move by Player 1
22201000
02010000
01121000
01021100
00121100
00020200
00020000
00000000


Round: 21
22201000
02010000
01121000
01021100
00121100
00020200
00020000
00000000

Valid moves for 2:
2, 1
2, 6
3, 1
3, 6
4, 6
5, 0
5, 5
5, 6
6, 5
7, 3

Player 2: 7, 3

After move by Player 2
22221000
02020000
01121000
01021100
00121100
00020200
00020000
00000000


Round: 22
22221000
02020000
01121000
01021100
00121100
00020200
00020000
00000000

Valid moves for 1:
1, 2
1, 4
1, 5
1, 6
2, 2
4, 2
6, 2

Player 1: 6, 2

After move by Player 1
22221000
02120000
01111000
01021100
00121100
00020200
00020000
00000000


Round: 23
22221000
02120000
01111000
01021100
00121100
00020200
00020000
00000000

Valid moves for 2:
2, 1
2, 6
3, 0
3, 1
3, 6
4, 0
4, 2
4, 6
5, 0
5, 5
5, 6
6, 5
7, 5

Player 2: 4, 0

After move by Player 2
22221000
02220000
02111000
21021100
00121100
00020200
00020000
00000000


Round: 24
22221000
02220000
02111000
21021100
00121100
00020200
00020000
00000000

Valid moves for 1:
0, 3
1, 2
1, 4
1, 5
1, 6
2, 2
4, 2
5, 0

Player 1: 5, 0

After move by Player 1
22221000
02220000
11111000
21021100
00121100
00020200
00020000
00000000


Round: 25
22221000
02220000
11111000
21021100
00121100
00020200
00020000
00000000

Valid moves for 2:
2, 1
2, 6
3, 0
3, 1
3, 6
4, 2
4, 6
5, 5
5, 6
6, 0
6, 5
7, 5

Player 2: 6, 0

After move by Player 2
22221000
22220000
21111000
21021100
00121100
00020200
00020000
00000000


Round: 26
22221000
22220000
21111000
21021100
00121100
00020200
00020000
00000000

Valid moves for 1:
0, 3
1, 2
1, 4
1, 5
1, 6
2, 2
4, 2

Player 1: 4, 2

After move by Player 1
22221000
22220000
21111000
21111100
00121100
00020200
00020000
00000000


Round: 27
22221000
22220000
21111000
21111100
00121100
00020200
00020000
00000000

Valid moves for 2:
2, 2
2, 6
3, 0
3, 1
3, 6
4, 6
5, 5
5, 6
7, 5

Player 2: 2, 2

After move by Player 2
22221000
22220000
21211000
21211100
00221100
00220200
00020000
00000000


Round: 28
22221000
22220000
21211000
21211100
00221100
00220200
00020000
00000000

Valid moves for 1:
0, 3
1, 1
1, 2
1, 4
1, 5
1, 6
2, 1
2, 4
3, 1

Player 1: 2, 4

After move by Player 1
22221000
22220000
21211000
21111100
00211100
00221200
00020000
00000000


Round: 29
22221000
22220000
21211000
21111100
00211100
00221200
00020000
00000000

Valid moves for 2:
1, 5
2, 6
3, 0
3, 1
3, 6
4, 6
5, 5
5, 6
6, 5
7, 5

Player 2: 3, 1

After move by Player 2
22221000
22220000
22211000
22111100
02211100
00221200
00020000
00000000


Round: 30
22221000
22220000
22211000
22111100
02211100
00221200
00020000
00000000

Valid moves for 1:
0, 2
0, 3
1, 1
1, 2
1, 5
1, 6
2, 0
2, 1
2, 6
3, 0

Player 1: 3, 0

After move by Player 1
22221000
22210000
22111000
21111100
11111100
00221200
00020000
00000000


Round: 31
22221000
22210000
22111000
21111100
11111100
00221200
00020000
00000000

Valid moves for 2:
1, 5
2, 0
2, 1
2, 6
3, 6
4, 6
5, 5
5, 6
6, 4
7, 5

Player 2: 2, 0

After move by Player 2
22221000
22210000
22111000
21111100
21111100
20221200
00020000
00000000


Round: 32
22221000
22210000
22111000
21111100
21111100
20221200
00020000
00000000

Valid moves for 1:
0, 2
0, 3
0, 4
1, 1
1, 2
1, 4
1, 5
1, 6
2, 1
2, 6

Player 1: 2, 6

After move