
Round: 0
00000000
00000000
00000000
00000000
00000000
00000000
00000000
00000000

Valid moves for 1:
3, 3
3, 4
4, 3
4, 4

Player 1: 4, 4

After move by Player 1
00000000
00000000
00000000
00001000
00000000
00000000
00000000
00000000


Round: 1
00000000
00000000
00000000
00001000
00000000
00000000
00000000
00000000

Valid moves for 2:
3, 3
3, 4
4, 3

Player 2: 3, 4

After move by Player 2
00000000
00000000
00000000
00001000
00002000
00000000
00000000
00000000


Round: 2
00000000
00000000
00000000
00001000
00002000
00000000
00000000
00000000

Valid moves for 1:
3, 3
4, 3

Player 1: 4, 3

After move by Player 1
00000000
00000000
00000000
00011000
00002000
00000000
00000000
00000000


Round: 3
00000000
00000000
00000000
00011000
00002000
00000000
00000000
00000000

Valid moves for 2:
3, 3

Player 2: 3, 3

After move by Player 2
00000000
00000000
00000000
00011000
00022000
00000000
00000000
00000000


Round: 4
00000000
00000000
00000000
00011000
00022000
00000000
00000000
00000000

Valid moves for 1:
2, 2
2, 3
2, 4
2, 5

Player 1: 2, 2

After move by Player 1
00000000
00000000
00000000
00011000
00012000
00100000
00000000
00000000


Round: 5
00000000
00000000
00000000
00011000
00012000
00100000
00000000
00000000

Valid moves for 2:
3, 2
5, 2
5, 4

Player 2: 5, 4

After move by Player 2
00000000
00000000
00002000
00012000
00012000
00100000
00000000
00000000


Round: 6
00000000
00000000
00002000
00012000
00012000
00100000
00000000
00000000

Valid moves for 1:
2, 5
3, 5
4, 5
5, 5
6, 5

Player 1: 6, 5

After move by Player 1
00000000
00000100
00001000
00012000
00012000
00100000
00000000
00000000


Round: 7
00000000
00000100
00001000
00012000
00012000
00100000
00000000
00000000

Valid moves for 2:
1, 1
3, 2
4, 2
5, 2
6, 4

Player 2: 5, 2

After move by Player 2
00000000
00000100
00201000
00022000
00012000
00100000
00000000
00000000


Round: 8
00000000
00000100
00201000
00022000
00012000
00100000
00000000
00000000

Valid moves for 1:
2, 4
3, 2
3, 5
5, 3
5, 5

Player 1: 5, 3

After move by Player 1
00000000
00000100
00211000
00012000
00012000
00100000
00000000
00000000


Round: 9
00000000
00000100
00211000
00012000
00012000
00100000
00000000
00000000

Valid moves for 2:
1, 1
3, 2
4, 2
5, 5
6, 2
6, 4

Player 2: 3, 2

After move by Player 2
00000000
00000100
00211000
00012000
00222000
00100000
00000000
00000000


Round: 10
00000000
00000100
00211000
00012000
00222000
00100000
00000000
00000000

Valid moves for 1:
2, 1
2, 3
2, 4
2, 5
3, 5
4, 2
4, 5
5, 1
5, 5
6, 1

Player 1: 3, 5

After move by Player 1
00000000
00000100
00211000
00011000
00222100
00100000
00000000
00000000


Round: 11
00000000
00000100
00211000
00011000
00222100
00100000
00000000
00000000

Valid moves for 2:
1, 1
1, 2
3, 6
5, 5
6, 3
6, 4
7, 6

Player 2: 3, 6

After move by Player 2
00000000
00000100
00211000
00011000
00222220
00100000
00000000
00000000


Round: 12
00000000
00000100
00211000
00011000
00222220
00100000
00000000
00000000

Valid moves for 1:
2, 1
2, 3
2, 4
2, 5
2, 6
4, 2
5, 1
6, 1

Player 1: 2, 4

After move by Player 1
00000000
00000100
00211000
00011000
00221220
00101000
00000000
00000000


Round: 13
00000000
00000100
00211000
00011000
00221220
00101000
00000000
00000000

Valid moves for 2:
1, 1
1, 2
1, 3
1, 5
2, 5
5, 5
6, 2
6, 3
7, 6

Player 2: 6, 2

After move by Player 2
00000000
00200100
00221000
00012000
00221220
00101000
00000000
00000000


Round: 14
00000000
00200100
00221000
00012000
00221220
00101000
00000000
00000000

Valid moves for 1:
2, 1
2, 3
3, 1
3, 7
4, 2
4, 5
4, 6
5, 1
5, 5
6, 1
6, 3

Player 1: 3, 7

After move by Player 1
00000000
00200100
00221000
00012000
00221111
00101000
00000000
00000000


Round: 15
00000000
00200100
00221000
00012000
00221111
00101000
00000000
00000000

Valid moves for 2:
1, 1
1, 2
1, 4
1, 5
2, 5
2, 6
4, 2
5, 5
6, 4
7, 6

Player 2: 1, 5

After move by Player 2
00000000
00200100
00221000
00012000
00221111
00102000
00000200
00000000


Round: 16
00000000
00200100
00221000
00012000
00221111
00102000
00000200
00000000

Valid moves for 1:
1, 3
1, 4
2, 1
2, 3
3, 1
4, 2
4, 5
5, 1
5, 5
6, 1
6, 3
7, 1

Player 1: 4, 2

After move by Player 1
00000000
00200100
00221000
00112000
00121111
00102000
00000200
00000000


Round: 17
00000000
00200100
00221000
00112000
00121111
00102000
00000200
00000000

Valid moves for 2:
1, 1
1, 2
2, 5
2, 6
3, 1
4, 1
4, 6
5, 1
5, 5
6, 4

Player 2: 4, 6

After move by Player 2
00000000
00200100
00221000
00112020
00121211
00102000
00000200
00000000


Round: 18
00000000
00200100
00221000
00112020
00121211
00102000
00000200
00000000

Valid moves for 1:
0, 6
1, 4
2, 3
4, 5
5, 1
5, 5
5, 6
6, 1
6, 3
6, 4
7, 2

Player 1: 0, 6

After move by Player 1
00000000
00200100
00221000
00112020
00111211
00101000
00000100
00000010


Round: 19
00000000
00200100
00221000
00112020
00111211
00101000
00000100
00000010

Valid moves for 2:
1, 1
1, 2
1, 3
1, 4
2, 3
2, 5
2, 6
3, 1
4, 1
5, 5
6, 4

Player 2: 4, 1

After move by Player 2
00000000
00200100
00221000
02222020
00111211
00101000
00000100
00000010


Round: 20
00000000
00200100
00221000
02222020
00111211
00101000
00000100
00000010

Valid moves for 1:
5, 0
5, 1
5, 5
5, 6
5, 7
6, 1
6, 3
7, 2

Player 1: 5, 7

After move by Player 1
00000000
00200100
00221001
02222010
00111111
00101000
00000100
00000010


Round: 21
00000000
00200100
00221001
02222010
00111111
00101000
00000100
00000010

Valid moves for 2:
1, 1
1, 2
1, 4
2, 1
2, 3
2, 5
2, 6
5, 5
6, 4
7, 6

Player 2: 1, 4

After move by Player 2
00000000
00200100
00221001
02222010
00112111
00102000
00002100
00000010


Round: 22
00000000
00200100
00221001
02222010
00112111
00102000
00002100
00000010

Valid moves for 1:
0, 4
1, 3
5, 0
5, 1
5, 5
6, 3
7, 1
7, 2

Player 1: 0, 4

After move by Player 1
00000000
00200100
00221001
02221010
00111111
00101000
00001100
00001010


Round: 23
00000000
00200100
00221001
02221010
00111111
00101000
00001100
00001010

Valid moves for 2:
1, 2
2, 1
2, 3
2, 5
2, 6
4, 5
5, 5
7, 6

Player 2: 2, 6

After move by Player 2
00000000
00200100
00221001
02222010
00111211
00101020
00001100
00001010


Round: 24
00000000
00200100
00221001
02222010
00111211
00101020
00001100
00001010

Valid moves for 1:
1, 6
5, 0
5, 1
5, 5
6, 1
6, 3
7, 2

Player 1: 1, 6

After move by Player 1
00000000
00200100
00221001
02222010
00111211
00101010
00001110
00001010


Round: 25
00000000
00200100
00221001
02222010
00111211
00101010
00001110
00001010

Valid moves for 2:
1, 1
1, 2
1, 3
1, 7
2, 1
2, 3
2, 5
3, 1
5, 5
6, 4
7, 6

Player 2: 2, 3

After move by Player 2
00000000
00200100
00221001
02222010
00221211
00121010
00001110
00001010


Round: 26
00000000
00200100
00221001
02222010
00221211
00121010
00001110
00001010

Valid moves for 1:
1, 2
2, 1
3, 1
5, 0
5, 1
5, 5
6, 1
7, 1
7, 2

Player 1: 5, 5

After move by Player 1
00000000
00200100
00221101
02221010
00211211
00121010
00001110
00001010


Round: 27
00000000
00200100
00221101
02221010
00211211
00121010
00001110
00001010

Valid moves for 2:
0, 5
1, 2
1, 3
1, 7
2, 1
2, 5
4, 5
5, 6
7, 6

Player 2: 1, 3

After move by Player 2
00000000
00200100
00221101
02221010
00211211
00122010
00021110
00001010


Round: 28
00000000
00200100
00221101
02221010
00211211
00122010
00021110
00001010

Valid moves for 1:
0, 2
0, 3
1, 2
2, 1
2, 5
3, 1
4, 0
5, 0
5, 1
6, 1
6, 3
7, 1
7, 2

Player 1: 0, 3

After move by Player 1
00000000
00200100
00221101
02221010
00211211
00112010
00011110
00011010


Round: 29
00000000
00200100
00221101
02221010
00211211
00112010
00011110
00011010

Valid moves for 2:
0, 2
0, 5
1, 2
1, 7
2, 1
2, 5
4, 5
5, 6
6, 4
7, 6

Player 2: 0, 5

After move by Player 2
00000000
00200100
00221101
02221010
00211211
00122010
00012110
00011210


Round: 30
00000000
00200100
00221101
02221010
00211211
00122010
00012110
00011210

Valid moves for 1:
1, 2
2, 1
2, 5
3, 1
4, 0
5, 1
6, 1
6, 3
7, 1
7, 2

Player 1: 3, 1

After move by Player 1
00000000
00200100
00221101
02221010
01111211
00122010
00012110
00011210


Round: 31
00000000
00200100
00221101
02221010
01111211
00122010
00012110
00011210

Valid moves for 2:
0, 2
0, 7
1, 2
1, 7
2, 0
2, 1
2, 5
2, 7
3, 0
4, 5
5, 6
6, 4
7, 6

Player 2: 6, 4

After move by Player 2
00000000
00202100
00222101
02222010
01112211
00122010
00012110
00011210


Round: 32
00000000
00202100
00222101
02222010
01112211
00122010
00012110
00011210

Valid moves for 1:
2, 5
5, 0
5, 1
6, 3
7, 1
7, 2
7, 3
7, 4
7, 5

Player 1: 5, 0

After move by Player 1
00000000
00202100
10222101
01222010
01112211
00122010
00012110
00011210


Round: 33
00000000
00202100
10222101
01222010
01112211
00122010
00012110
00011210

Valid moves for 2:
0, 2
0, 7
1, 1
1, 2
1, 7
2, 0
2, 1
2, 5
2, 7
3, 0
4, 0
5, 6
6, 6
7, 6

Player 2: 2, 7

After move by Player 2
00000000
00202100
10222101
01222010
01112211
00122012
00012120
00011210


Round: 34
00000000
00202100
10222101
01222010
01112211
00122012
00012120
00011210

Valid moves for 1:
1, 7
2, 5
4, 5
5, 1
6, 3
7, 1
7, 2
7, 3
7, 4
7, 5

Player 1: 7, 4

After move by Player 1
00001000
00201100
10221101
01221010
01111211
00121012
00011120
00011210


Round: 35
00001000
00201100
10221101
01221010
01111211
00121012
00011120
00011210

Valid moves for 2:
0, 2
0, 7
1, 2
1, 7
2, 0
2, 1
2, 5
3, 0
4, 0
4, 5
4, 7
5, 6
7, 5
7, 6

Player 2: 4, 5

After move by Player 2
00001000
00201100
10221101
01222210
01112221
00121012
00011120
00011210


Round: 36
00001000
00201100
10221101
01222210
01112221
00121012
00011120
00011210

Valid moves for 1:
1, 7
2, 5
5, 1
6, 3
7, 1
7, 2

Player 1: 2, 5

After move by Player 1
00001000
00201100
10221101
01222110
01112121
00121112
00011120
00011210


Round: 37
00001000
00201100
10221101
01222110
01112121
00121112
00011120
00011210

Valid moves for 2:
0, 2
0, 7
1, 1
1, 2
1, 7
2, 0
2, 1
3, 0
4, 0
4, 7
5, 6
6, 3
6, 6
7, 5
7, 6

Player 2: 6, 6

After move by Player 2
00001000
00201120
10221201
01222110
01112121
00121112
00011120
00011210


Round: 38
00001000
00201120
10221201
01222110
01112121
00121112
00011120
00011210

Valid moves for 1:
0, 7
1, 2
1, 7
4, 7
5, 1
5, 6
6, 1
6, 3
6, 7
7, 1
7, 2
7, 5
7, 7

Player 1: 7, 7

After move by Player 1
00001001
00201110
10221101
01221110
01112121
00121112
00011120
00011210


Round: 39
00001001
00201110
10221101
01221110
01112121
00121112
00011120
00011210

Valid moves for 2:
0, 2
0, 7
1, 2
1, 7
2, 0
2, 1
3, 0
4, 0
4, 7
5, 6
6, 3
7, 5
7, 6

Player 2: 6, 3

After move by Player 2
00001001
00221110
10222101
01221210
01112121
00121112
00011120
00011210


Round: 40
00001001
00221110
10222101
01221210
01112121
00121112
00011120
00011210

Valid moves for 1:
0, 7
1, 7
4, 7
5, 1
6, 1
7, 1
7, 2
7, 3

Player 1: 7, 2

After move by Player 1
00101001
00121110
10122101
01121210
01112121
00121112
00011120
00011210


Round: 41
00101001
00121110
10122101
01121210
01112121
00121112
00011120
00011210

Valid moves for 2:
0, 2
0, 7
1, 2
1, 7
2, 0
2, 1
3, 0
4, 0
4, 7
5, 1
5, 6
6, 1
6, 7
7, 1
7, 5
7, 6

Player 2: 4, 0

After move by Player 2
00101001
00121110
10122101
22221210
01112121
00121112
00011120
00011210


Round: 42
00101001
00121110
10122101
22221210
01112121
00121112
00011120
00011210

Valid moves for 1:
0, 7
1, 7
3, 0
4, 7
5, 1
7, 3

Player 1: 3, 0

After move by Player 1
00101001
00121110
10122101
11221210
11112121
00121112
00011120
00011210


Round: 43
00101001
00121110
10122101
11221210
11112121
00121112
00011120
00011210

Valid moves for 2:
0, 2
0, 7
1, 2
1, 7
2, 0
2, 1
4, 7
5, 1
5, 6
6, 1
6, 7
7, 1
7, 5
7, 6

Player 2: 1, 2

After move by Player 2
00101001
00121110
10122101
11221210
11212121
00221112
00222220
00011210


Round: 44
00101001
00121110
10122101
11221210
11212121
00221112
00222220
00011210

Valid moves for 1:
0, 2
0, 7
1, 1
1, 7
2, 1
4, 7
5, 1
7, 3

Player 1: 0, 2

After move by Player 1
00101001
00121110
10122101
11121210
11112121
00121112
00112220
00111210


Round: 45
00101001
00121110
10122101
11121210
11112121
00121112
00112220
00111210

Valid moves for 2:
0, 1
0, 7
1, 1
1, 7
2, 0
2, 1
4, 7
5, 1
5, 6
6, 1
6, 7
7, 1
7, 5
7, 6

Player 2: 6, 7

After move by Player 2
00101001
00122222
10122101
11121210
11112121
00121112
00112220
00111210


Round: 46
00101001
00122222
10122101
11121210
11112121
00121112
00112220
00111210

Valid moves for 1:
0, 7
1, 7
4, 7
5, 6
7, 3
7, 5
7, 6

Player 1: 1, 7

After move by Player 1
00101001
00122222
10122101
11121210
11112121
00121111
00111111
00111210


Round: 47
00101001
00122222
10122101
11121210
11112121
00121111
00111111
00111210

Valid moves for 2:
0, 1
0, 7
1, 1
2, 0
2, 1
4, 7
5, 1
5, 6
6, 1
7, 1

Player 2: 1, 1

After move by Player 2
00101001
00122222
10122201
11122210
11122121
00221111
02111111
00111210


Round: 48
00101001
00122222
10122201
11122210
11122121
00221111
02111111
00111210

Valid moves for 1:
0, 0
1, 0
2, 0
2, 1
4, 7
5, 6
7, 3
7, 5
7, 6

Player 1: 0, 0

After move by Player 1
00101001
00122212
10122101
11121210
11112121
00121111
01111111
10111210


Round: 49
00101001
00122212
10122101
11121210
11112121
00121111
01111111
10111210

Valid moves for 2:
0, 1
0, 7
2, 0
2, 1
4, 7
5, 1
5, 6
6, 1
7, 1

Player 2: 7, 1

After move by Player 2
02101001
00222212
10122101
11121210
11112121
00121111
01111111
10111210


Round: 50
02101001
00222212
10122101
11121210
11112121
00121111
01111111
10111210

Valid moves for 1:
4, 7
5, 6
6, 1
7, 0
7, 3
7, 5
7, 6

Player 1: 7, 0

After move by Player 1
11101001
00222212
10122101
11121210
11112121
00121111
01111111
10111210


Round: 51
11101001
00222212
10122101
11121210
11112121
00121111
01111111
10111210

Valid moves for 2:
0, 1
0, 7
2, 0
2, 1
4, 7
5, 1
5, 6
6, 1

Player 2: 0, 7

After move by Player 2
11101001
00222212
10122101
11121210
11112121
00121211
01111121
10111222


Round: 52
11101001
00222212
10122101
11121210
11112121
00121211
01111121
10111222

Valid moves for 1:
4, 7
5, 6
6, 1
7, 3
7, 5
7, 6

Player 1: 4, 7

After move by Player 1
11101001
00222212
10122101
11121211
11112111
00121111
01111121
10111222


Round: 53
11101001
00222212
10122101
11121211
11112111
00121111
01111121
10111222

Valid moves for 2:
0, 1
1, 0
2, 0
2, 1
5, 1
5, 6
6, 1

Player 2: 2, 1

After move by Player 2
11101001
00222212
10122101
11121211
11212111
02221111
01111121
10111222


Round: 54
11101001
00222212
10122101
11121211
11212111
02221111
01111121
10111222

Valid moves for 1:
2, 0
5, 6
6, 1
7, 3
7, 5

Player 1: 2, 0

After move by Player 1
11101001
00222212
10122101
11121211
11212111
11111111
01111121
10111222


Round: 55
11101001
00222212
10122101
11121211
11212111
11111111
01111121
10111222

Valid moves for 2:
0, 1
1, 0
5, 1
5, 6
6, 1

Player 2: 5, 6

After move by Player 2
11101001
00222212
10122221
11121221
11212121
11111121
01111121
10111222


Round: 56
11101001
00222212
10122221
11121221
11212121
11111121
01111121
10111222

Valid moves for 1:
6, 1
7, 3
7, 5
7, 6

Player 1: 7, 6

After move by Player 1
11101011
00222112
10121221
11111221
11112121
11111121
01111121
10111222


Round: 57
11101011
00222112
10121221
11111221
11112121
11111121
01111121
10111222

Valid moves for 2:
0, 1
1, 0
5, 1
6, 1
7, 5

Player 2: 7, 5

After move by Player 2
11101211
00222212
10121221
11111221
11112121
11111121
01111121
10111222


Round: 58
11101211
00222212
10121221
11111221
11112121
11111121
01111121
10111222

Valid moves for 1:
6, 1
7, 3

Player 1: 7, 3

After move by Player 1
11111211
00211212
10111121
11111211
11112121
11111121
01111121
10111222


Round: 59
11111211
00211212
10111121
11111211
11112121
11111121
01111121
10111222

Valid moves for 2:
0, 1
1, 0
5, 1
6, 1

Player 2: 6, 1

After move by Player 2
11111211
02211212
10211121
11121211
11112121
11111121
01111121
10111222


Round: 60
11111211
02211212
10211121
11121211
11112121
11111121
01111121
10111222

Valid moves for 1:
5, 1
6, 0

Player 1: 6, 0

After move by Player 1
11111211
11111212
10211121
11121211
11112121
11111121
01111121
10111222


Round: 61
11111211
11111212
10211121
11121211
11112121
11111121
01111121
10111222

Valid moves for 2:
0, 1
1, 0
5, 1

Player 2: 1, 0

After move by Player 2
11111211
11111212
10211121
11121211
11212121
12111121
22222221
10111222


Round: 62
11111211
11111212
10211121
11121211
11212121
12111121
22222221
10111222

Valid moves for 1:
0, 1
5, 1

Player 1: 0, 1

After move by Player 1
11111211
11111212
10211121
11121211
11212121
11111121
21122221
11111222


Round: 63
11111211
11111212
10211121
11121211
11212121
11111121
21122221
11111222

Valid moves for 2:
5, 1

Player 2: 5, 1

After move by Player 2
11111211
11111212
12211121
11221211
11222121
11112121
21122221
11111222


Round: 64
11111211
11111212
12211121
11221211
11222121
11112121
21122221
11111222

Valid moves for 1:

Player 1 can't move

Round: 64
11111211
11111212
12211121
11221211
11222121
11112121
21122221
11111222

Valid moves for 2:

Player 2 can't move

Black: 41
White: 23

