
Round: 0
00000000
00000000
00000000
00000000
00000000
00000000
00000000
00000000

Valid moves for 1:
3, 3
3, 4
4, 3
4, 4

Player 1: 4, 4

After move by Player 1
00000000
00000000
00000000
00001000
00000000
00000000
00000000
00000000


Round: 1
00000000
00000000
00000000
00001000
00000000
00000000
00000000
00000000

Valid moves for 2:
3, 3
3, 4
4, 3

Player 2: 3, 4

After move by Player 2
00000000
00000000
00000000
00001000
00002000
00000000
00000000
00000000


Round: 2
00000000
00000000
00000000
00001000
00002000
00000000
00000000
00000000

Valid moves for 1:
3, 3
4, 3

Player 1: 4, 3

After move by Player 1
00000000
00000000
00000000
00011000
00002000
00000000
00000000
00000000


Round: 3
00000000
00000000
00000000
00011000
00002000
00000000
00000000
00000000

Valid moves for 2:
3, 3

Player 2: 3, 3

After move by Player 2
00000000
00000000
00000000
00011000
00022000
00000000
00000000
00000000


Round: 4
00000000
00000000
00000000
00011000
00022000
00000000
00000000
00000000

Valid moves for 1:
2, 2
2, 3
2, 4
2, 5

Player 1: 2, 3

After move by Player 1
00000000
00000000
00000000
00011000
00012000
00010000
00000000
00000000


Round: 5
00000000
00000000
00000000
00011000
00012000
00010000
00000000
00000000

Valid moves for 2:
1, 2
3, 2
5, 2
5, 4

Player 2: 3, 2

After move by Player 2
00000000
00000000
00000000
00011000
00222000
00010000
00000000
00000000


Round: 6
00000000
00000000
00000000
00011000
00222000
00010000
00000000
00000000

Valid moves for 1:
2, 1
2, 2
2, 4
2, 5
4, 1
4, 5

Player 1: 4, 5

After move by Player 1
00000000
00000000
00000000
00011100
00221000
00010000
00000000
00000000


Round: 7
00000000
00000000
00000000
00011100
00221000
00010000
00000000
00000000

Valid moves for 2:
1, 3
1, 4
3, 5
5, 3
5, 4
5, 5

Player 2: 5, 5

After move by Player 2
00000000
00000000
00000200
00012100
00221000
00010000
00000000
00000000


Round: 8
00000000
00000000
00000200
00012100
00221000
00010000
00000000
00000000

Valid moves for 1:
2, 1
3, 1
4, 1
5, 4
6, 5

Player 1: 6, 5

After move by Player 1
00000000
00000100
00000100
00012100
00221000
00010000
00000000
00000000


Round: 9
00000000
00000100
00000100
00012100
00221000
00010000
00000000
00000000

Valid moves for 2:
1, 3
1, 4
2, 4
3, 5
4, 2
4, 6
5, 3
5, 4
6, 6

Player 2: 3, 5

After move by Player 2
00000000
00000100
00000100
00012100
00222200
00010000
00000000
00000000


Round: 10
00000000
00000100
00000100
00012100
00222200
00010000
00000000
00000000

Valid moves for 1:
2, 1
2, 2
2, 5
4, 1

Player 1: 4, 1

After move by Player 1
00000000
00000100
00000100
01012100
00122200
00010000
00000000
00000000


Round: 11
00000000
00000100
00000100
01012100
00122200
00010000
00000000
00000000

Valid moves for 2:
1, 2
1, 3
3, 1
4, 2
4, 6
5, 2
5, 3
5, 6
6, 6
7, 5

Player 2: 7, 5

After move by Player 2
00000200
00000200
00000200
01012200
00122200
00010000
00000000
00000000


Round: 12
00000200
00000200
00000200
01012200
00122200
00010000
00000000
00000000

Valid moves for 1:
2, 5
3, 6
4, 6
5, 6

Player 1: 5, 6

After move by Player 1
00000200
00000200
00000210
01012100
00121200
00010000
00000000
00000000


Round: 13
00000200
00000200
00000210
01012100
00121200
00010000
00000000
00000000

Valid moves for 2:
1, 3
2, 4
3, 1
4, 2
4, 6
4, 7
5, 3
5, 7

Player 2: 4, 6

After move by Player 2
00000200
00000200
00000210
01012220
00121200
00010000
00000000
00000000


Round: 14
00000200
00000200
00000210
01012220
00121200
00010000
00000000
00000000

Valid moves for 1:
3, 6
4, 7
5, 4
7, 4

Player 1: 7, 4

After move by Player 1
00001200
00000100
00000210
01012220
00121200
00010000
00000000
00000000


Round: 15
00001200
00000100
00000210
01012220
00121200
00010000
00000000
00000000

Valid moves for 2:
1, 2
1, 3
2, 4
3, 1
4, 2
5, 3
5, 7
6, 6
6, 7
7, 3

Player 2: 7, 3

After move by Player 2
00022200
00000100
00000210
01012220
00121200
00010000
00000000
00000000


Round: 16
00022200
00000100
00000210
01012220
00121200
00010000
00000000
00000000

Valid moves for 1:
2, 5
3, 6
4, 7
5, 4

Player 1: 5, 4

After move by Player 1
00022200
00000100
00001110
01011220
00121200
00010000
00000000
00000000


Round: 17
00022200
00000100
00001110
01011220
00121200
00010000
00000000
00000000

Valid moves for 2:
1, 2
1, 3
3, 1
4, 2
4, 7
5, 3
6, 3
6, 4
6, 6
6, 7

Player 2: 4, 7

After move by Player 2
00022200
00000200
00001120
01011222
00121200
00010000
00000000
00000000


Round: 18
00022200
00000200
00001120
01011222
00121200
00010000
00000000
00000000

Valid moves for 1:
2, 2
2, 5
2, 6
3, 6
3, 7
5, 7
6, 7
7, 6

Player 1: 7, 6

After move by Player 1
00022210
00000100
00001120
01011222
00121200
00010000
00000000
00000000


Round: 19
00022210
00000100
00001120
01011222
00121200
00010000
00000000
00000000

Valid moves for 2:
1, 2
1, 3
3, 1
4, 2
5, 3
6, 3
6, 4
6, 6
7, 7

Player 2: 7, 7

After move by Player 2
00022222
00000100
00001120
01011222
00121200
00010000
00000000
00000000


Round: 20
00022222
00000100
00001120
01011222
00121200
00010000
00000000
00000000

Valid moves for 1:
2, 2
2, 5
2, 6
3, 6
3, 7
5, 7
6, 7

Player 1: 6, 7

After move by Player 1
00022222
00000101
00001110
01011122
00121200
00010000
00000000
00000000


Round: 21
00022222
00000101
00001110
01011122
00121200
00010000
00000000
00000000

Valid moves for 2:
1, 3
2, 1
3, 1
4, 2
5, 3
5, 7
6, 4
6, 6

Player 2: 5, 7

After move by Player 2
00022222
00000102
00001112
01011122
00121200
00010000
00000000
00000000


Round: 22
00022222
00000102
00001112
01011122
00121200
00010000
00000000
00000000

Valid moves for 1:
2, 2
2, 5
2, 6
3, 6
3, 7

Player 1: 2, 2

After move by Player 1
00022222
00000102
00001112
01011122
00111200
00110000
00000000
00000000


Round: 23
00022222
00000102
00001112
01011122
00111200
00110000
00000000
00000000

Valid moves for 2:
1, 2
2, 1
3, 1
4, 2
5, 3
6, 4
6, 6

Player 2: 6, 6

After move by Player 2
00022222
00000122
00001122
01011122
00111200
00110000
00000000
00000000


Round: 24
00022222
00000122
00001122
01011122
00111200
00110000
00000000
00000000

Valid moves for 1:
2, 5
2, 6
3, 6
3, 7

Player 1: 3, 7

After move by Player 1
00022222
00000122
00001122
01011112
00111201
00110000
00000000
00000000


Round: 25
00022222
00000122
00001122
01011112
00111201
00110000
00000000
00000000

Valid moves for 2:
1, 1
1, 2
2, 1
2, 7
3, 1
3, 6
4, 2
5, 3
6, 4

Player 2: 2, 7

After move by Player 2
00022222
00000122
00001122
01011112
00111202
00110002
00000000
00000000


Round: 26
00022222
00000122
00001122
01011112
00111202
00110002
00000000
00000000

Valid moves for 1:
2, 4
2, 5
2, 6
3, 6

Player 1: 3, 6

After move by Player 1
00022222
00000122
00001122
01011112
00111112
00110002
00000000
00000000


Round: 27
00022222
00000122
00001122
01011112
00111112
00110002
00000000
00000000

Valid moves for 2:
1, 1
1, 2
2, 1
2, 4
2, 5
2, 6
3, 1
4, 2
5, 3
6, 3
6, 4

Player 2: 6, 4

After move by Player 2
00022222
00002222
00001222
01011122
00111112
00110002
00000000
00000000


Round: 28
00022222
00002222
00001222
01011122
00111112
00110002
00000000
00000000

Valid moves for 1:

Player 1 can't move

Round: 28
00022222
00002222
00001222
01011122
00111112
00110002
00000000
00000000

Valid moves for 2:
1, 1
1, 2
2, 1
2, 4
2, 5
2, 6
3, 1
4, 2
5, 3
6, 3

Player 2: 6, 3

After move by Player 2
00022222
00022222
00002222
01011222
00111122
00110002
00000000
00000000


Round: 29
00022222
00022222
00002222
01011222
00111122
00110002
00000000
00000000

Valid moves for 1:

Player 1 can't move

Round: 29
00022222
00022222
00002222
01011222
00111122
00110002
00000000
00000000

Valid moves for 2:
1, 1
1, 2
2, 1
2, 4
2, 5
3, 1
4, 2

Player 2: 2, 5

After move by Player 2
00022222
00022222
00002222
01011222
00111222
00110202
00000000
00000000


Round: 30
00022222
00022222
00002222
01011222
00111222
00110202
00000000
00000000

Valid moves for 1:
1, 6
2, 6

Player 1: 2, 6

After move by Player 1
00022222
00022222
00002222
01011222
00111122
00110212
00000000
00000000


Round: 31
00022222
00022222
00002222
01011222
00111122
00110212
00000000
00000000

Valid moves for 2:
1, 1
1, 2
1, 5
1, 6
2, 1
2, 4
3, 1
4, 2
5, 2

Player 2: 1, 6

After move by Player 2
00022222
00022222
00002222
01011222
00111122
00110222
00000020
00000000


Round: 32
00022222
00022222
00002222
01011222
00111122
00110222
00000020
00000000

Valid moves for 1:
0, 7
1, 5
1, 7

Player 1: 1, 7

After move by Player 1
00022222
00022222
00002222
01011222
00111122
00110212
00000021
00000000


Round: 33
00022222
00022222
00002222
01011222
00111122
00110212
00000021
00000000

Valid moves for 2:
0, 7
1, 1
1, 2
1, 5
2, 1
2, 4
3, 1
4, 2
5, 2

Player 2: 0, 7

After move by Player 2
00022222
00022222
00002222
01011222
00111122
00110212
00000022
00000002


Round: 34
00022222
00022222
00002222
01011222
00111122
00110212
00000022
00000002

Valid moves for 1:
0, 6
1, 5
2, 4

Player 1: 2, 4

After move by Player 1
00022222
00022222
00002222
01011222
00111122
00111112
00000022
00000002


Round: 35
00022222
00022222
00002222
01011222
00111122
00111112
00000022
00000002

Valid moves for 2:
1, 1
1, 2
1, 3
1, 4
1, 5
2, 1
3, 1
4, 2
5, 2
5, 3

Player 2: 5, 3

After move by Player 2
00022222
00022222
00022222
01012222
00111222
00111122
00000022
00000002


Round: 36
00022222
00022222
00022222
01012222
00111222
00111122
00000022
00000002

Valid moves for 1:

Player 1 can't move

Round: 36
00022222
00022222
00022222
01012222
00111222
00111122
00000022
00000002

Valid moves for 2:
1, 1
1, 2
1, 3
1, 4
1, 5
2, 1
3, 1
4, 2
5, 2

Player 2: 5, 2

After move by Player 2
00022222
00022222
00222222
01022222
00112222
00111222
00000022
00000002


Round: 37
00022222
00022222
00222222
01022222
00112222
00111222
00000022
00000002

Valid moves for 1:

Player 1 can't move

Round: 37
00022222
00022222
00222222
01022222
00112222
00111222
00000022
00000002

Valid moves for 2:
1, 1
1, 2
1, 3
1, 4
2, 1
3, 0
3, 1

Player 2: 1, 4

After move by Player 2
00022222
00022222
00222222
01022222
00112222
00112222
00002022
00000002


Round: 38
00022222
00022222
00222222
01022222
00112222
00112222
00002022
00000002

Valid moves for 1:
0, 5
1, 5

Player 1: 1, 5

After move by Player 1
00022222
00022222
00222222
01022222
00112222
00111222
00002122
00000002


Round: 39
00022222
00022222
00222222
01022222
00112222
00111222
00002122
00000002

Valid moves for 2:
0, 4
0, 5
1, 1
1, 2
1, 3
2, 1
3, 0
3, 1
5, 0

Player 2: 0, 5

After move by Player 2
00022222
00022222
00222222
01022222
00112222
00111222
00002222
00000202


Round: 40
00022222
00022222
00222222
01022222
00112222
00111222
00002222
00000202

Valid moves for 1:
0, 4
0, 6

Player 1: 0, 6

After move by Player 1
00022222
00022222
00222222
01022222
00112222
00111222
00002122
00000212


Round: 41
00022222
00022222
00222222
01022222
00112222
00111222
00002122
00000212

Valid moves for 2:
0, 4
1, 1
1, 2
1, 3
2, 1
3, 0
3, 1
5, 0

Player 2: 1, 2

After move by Player 2
00022222
00022222
00222222
01022222
00112222
00121222
00202122
00000212


Round: 42
00022222
00022222
00222222
01022222
00112222
00121222
00202122
00000212

Valid moves for 1:
0, 2
0, 4
1, 3

Player 1: 1, 3

After move by Player 1
00022222
00022222
00222222
01022222
00112222
00111222
00211122
00000212


Round: 43
00022222
00022222
00222222
01022222
00112222
00111222
00211122
00000212

Valid moves for 2:
0, 2
0, 3
0, 4
1, 1
2, 1
3, 0
3, 1
4, 2
5, 0

Player 2: 0, 4

After move by Player 2
00022222
00022222
00222222
01022222
00112222
00112222
00212222
00002212


Round: 44
00022222
00022222
00222222
01022222
00112222
00112222
00212222
00002212

Valid moves for 1:
0, 1
0, 2
0, 3
1, 1

Player 1: 1, 1

After move by Player 1
00022222
00022222
00222222
01022222
00112222
00112222
01112222
00002212


Round: 45
00022222
00022222
00222222
01022222
00112222
00112222
01112222
00002212

Valid moves for 2:
0, 0
0, 1
0, 2
0, 3
1, 0
2, 1
3, 0
3, 1
4, 2
5, 0

Player 2: 4, 2

After move by Player 2
00022222
00022222
00222222
01222222
00122222
00112222
01112222
00002212


Round: 46
00022222
00022222
00222222
01222222
00122222
00112222
01112222
00002212

Valid moves for 1:
0, 3
5, 1
6, 2

Player 1: 6, 2

After move by Player 1
00022222
00122222
00122222
01122222
00122222
00112222
01112222
00002212


Round: 47
00022222
00122222
00122222
01122222
00122222
00112222
01112222
00002212

Valid moves for 2:
0, 0
0, 1
0, 2
0, 3
1, 0
2, 1
3, 0
3, 1
4, 0
5, 0
5, 1
6, 1
7, 1

Player 2: 0, 3

After move by Player 2
00022222
00122222
00122222
01122222
00122222
00122222
01122222
00022212


Round: 48
00022222
00122222
00122222
01122222
00122222
00122222
01122222
00022212

Valid moves for 1:
0, 2

Player 1: 0, 2

After move by Player 1
00022222
00122222
00122222
01122222
00122222
00122222
01122222
00111112


Round: 49
00022222
00122222
00122222
01122222
00122222
00122222
01122222
00111112

Valid moves for 2:
0, 0
0, 1
1, 0
2, 1
3, 0
3, 1
4, 0
5, 0
5, 1
6, 1
7, 1

Player 2: 0, 1

After move by Player 2
00022222
00122222
00122222
01122222
00122222
00122222
01222222
02222222


Round: 50
00022222
00122222
00122222
01122222
00122222
00122222
01222222
02222222

Valid moves for 1:

Player 1 can't move

Round: 50
00022222
00122222
00122222
01122222
00122222
00122222
01222222
02222222

Valid moves for 2:
0, 0
1, 0
2, 0
2, 1
3, 0
3, 1
4, 0
5, 0
5, 1
6, 1
7, 1
7, 2

Player 2: 7, 2

After move by Player 2
00222222
00222222
00222222
01222222
00222222
00222222
01222222
02222222


Round: 51
00222222
00222222
00222222
01222222
00222222
00222222
01222222
02222222

Valid moves for 1:

Player 1 can't move

Round: 51
00222222
00222222
00222222
01222222
00222222
00222222
01222222
02222222

Valid moves for 2:
0, 0
1, 0
2, 0
2, 1
3, 0
4, 0
5, 0

Player 2: 1, 0

After move by Player 2
00222222
00222222
00222222
01222222
00222222
00222222
22222222
02222222


Round: 52
00222222
00222222
00222222
01222222
00222222
00222222
22222222
02222222

Valid moves for 1:

Player 1 can't move

Round: 52
00222222
00222222
00222222
01222222
00222222
00222222
22222222
02222222

Valid moves for 2:
3, 0
4, 0
5, 0

Player 2: 4, 0

After move by Player 2
00222222
00222222
00222222
22222222
00222222
00222222
22222222
02222222


Round: 53
00222222
00222222
00222222
22222222
00222222
00222222
22222222
02222222

Valid moves for 1:

Player 1 can't move

Round: 53
00222222
00222222
00222222
22222222
00222222
00222222
22222222
02222222

Valid moves for 2:

Player 2 can't move

Black: 0
White: 64

